4 144 737
4 338 734
4 538 736
4 744 736
0 70 589
0 71 482
0 293 482
0 274 357
0 491 179
0 290 589
0 507 589
0 727 589
0 76 97
0 296 97
0 513 97
0 733 97
1 662 414
1 472 482
1 471 357
1 75 185
1 283 245
1 71 307
1 662 296
1 656 179
3 91 482
3 293 482
3 485 481
3 687 482
3 687 375
3 687 268
3 687 159
3 686 92
3 485 377
3 485 270
3 593 248
3 593 174
3 485 161
3 485 94
3 293 375
3 293 268
3 91 375
3 91 302
3 194 374
3 194 267
3 194 181
3 293 159
3 293 92
3 77 82
3 393 136
3 393 92
3 889 482
3 889 410
3 889 188
3 889 94
3 785 482
3 785 415
3 785 307
3 785 291