#level02
#draw tiles before ladders!!
4 144 617
4 334 734
4 543 736
4 739 625
0 402 656
0 322 450
0 70 160
0 68 245
0 160 245
0 656 270
0 225 160
0 331 160
0 472 215
0 627 215
0 733 215
0 290 589
0 507 589
0 482 513
0 483 393
0 76 97
0 296 97
0 513 97
0 733 97
0 70 327
0 290 327
0 507 327
0 727 327
3 388 482
3 485 481
3 486 548
3 485 377
3 485 270
3 485 161
3 485 94
3 388 375
3 388 268
3 77 219
3 77 162
3 188 163
3 296 163
3 388 159
3 388 92
3 591 482
3 591 375
3 591 268
3 591 159 
3 591 92
3 77 92
3 188 219
3 188 92
3 296 219
3 296 92
3 889 188
3 889 216
3 889 94
3 790 188
3 790 216
3 790 94
3 691 189
3 691 217
3 691 95