4 126 409
4 345 558
4 528 558
4 757 409
4 126 734
4 757 734
0 332 392
0 264 392
0 539 392
0 332 717
0 264 717
0 539 717
0 331 657
0 263 657 
0 538 657
0 474 333
0 539 333
0 71 453 
0 136 453
0 70 524
0 135 524
0 71 598
0 136 598
0 690 452
0 755 452
0 689 523
0 754 523
0 690 597
0 755 597
0 76 97
0 296 97
0 513 97
0 732 97
0 74 156
0 294 156
0 511 156
0 72 219
0 292 219
0 72 216
0 515 156
0 262 278
0 483 278
0 609 278
0 732 156
0 730 278
0 79 278
0 332 220 
0 735 220
0 686 220
3 491 283
3 491 176
3 393 282
3 77 162
3 290 568
3 290 609
3 180 491
3 290 459
3 290 392
3 290 117
3 290 285
3 291 271
3 694 567
3 694 608
3 694 458
3 694 391
3 77 491
3 910 489
3 807 508
3 77 92
3 290 92
3 893 181
3 893 94
3 694 151
2 398 652
2 180 450
2 77 450
2 910 448
2 584 652
2 584 268
2 393 213
2 393 87
2 585 87
2 694 214
2 491 149
2 694 327